0.035468771097616696 0.32125340187875306 1
-0.7410709661998588 0.6503061842103603 0
-1.0350255886612076 0.3303016661218382 0
2.1354953045494023 0.5199497156636391 1
1.0174623095475368 0.22427139518225192 0
1.7536816540624418 -0.07802307564230249 1
1.2794514588068764 -0.4396265575940677 1
0.22653001207491463 0.2569961638353825 1
-0.7616620107470139 0.471647187094493 0
1.585027450090954 -0.2763015725778118 1
0.2950163151596711 -0.2557819472822984 1
-0.7371805652528194 0.552241766336718 0
1.0293137547678297 0.11788692140924048 0
1.9169972199800351 -0.0716873218041432 1
0.1523766678242282 0.8936816497128817 0
-0.024133909338225734 0.9157790158242015 0
0.8969716144579971 -0.5294340204084476 1
0.18198644536089137 -0.07103142103567038 1
0.6381755001808094 0.9603357835813486 0
-0.9733229971739015 0.4401726913508209 0
1.7299571865807577 -0.2858510078713497 1
-0.6308786346487941 0.7297984363793009 0
0.4808919861680457 -0.3192593444219693 1
0.31377821423199115 -0.1860291341564283 1
0.9199541092528528 0.17290140159257258 0
0.219939996712679 -0.15631328851729812 1
-0.860657356171234 0.5048288866455106 0
-0.670544444451589 0.691203949127382 0
0.3577923808572161 -0.2719081958719943 1
0.6164877863935936 0.6980063596805876 0
1.1989963233666363 -0.4868780844773043 1
-0.06671437347402638 0.16201017736777618 1
-0.8989581993365006 -0.04347592483640812 0
2.0213779331022237 0.044147926760430584 1
-0.8432968059021725 0.5948665673973942 0
1.4075719039028263 -0.5298667009299046 1
-0.01755637251192528 0.8936942975239953 0
1.8408230603145885 -0.19314239484874157 1
-0.20934875502896919 0.8997928136474944 0
1.9537206805159777 0.16180186405992042 1
0.8407388035366555 0.4445447259040645 0
-0.5469416520192886 0.7838000991006656 0
1.8716035612147977 0.2131846500322192 1
0.04289202095446545 0.685937136671801 1
0.6519994968826509 0.7541227373791117 0
1.7782299902201788 -0.046707002946204515 1
0.31792911219502934 1.1324320925162275 0
0.8463153479315929 -0.590694808763405 1
0.28449198824861405 0.47445769271539684 1
1.375592447395149 -0.5148926705526754 1
-0.6807389004064852 0.6428727554994712 0
1.5301474396198036 -0.08985075195725697 1
-1.1811660721036341 0.34606403933276875 0
2.0016549545665256 0.2658017357558428 1
0.8085225178218692 -0.449605947450848 1
-0.04533246836274021 0.38015092645560583 1
-0.48111823893785055 1.0546166726296682 0
0.8232076737112869 0.2697889337847178 0
0.878230383538463 0.5902273027577181 0
0.16581642016369555 0.3222366771803183 1
-1.062717431990545 0.5133570162526084 0
1.2711451124881143 -0.4456586717225088 1
-0.9429679912009976 0.15301170198783073 0
0.2932844615067275 0.8788200616006487 0
-1.0110333233812063 0.032729406565921576 0
0.07251365227689499 0.34070752500407736 1
0.26099203404716237 -0.04937271982695829 1
1.171245814106575 -0.47293168087103093 1
2.0090577422635767 0.22335485919513776 1
1.112992339658209 0.3415791040389009 0
-0.18588216810055033 0.9565082044277449 0
2.1035664783852517 0.32302564968539427 1
0.9428272804816209 -0.452779064955068 1
0.9796945821820667 -0.022208280095705264 0
0.9784517255720184 0.34867820195627197 0
-0.24010340453802836 0.8341478647543487 0
1.2422414328578513 -0.5289390945644158 1
1.8722133289504508 0.23023490039733838 1
1.0982709205885146 -0.5364332194846932 1
0.4691610835670481 -0.22523478247143444 1
-0.29701383416233 0.9728499258473072 0
-0.5866426957106536 0.7968352856796381 0
-1.0886674056113672 0.10933077656741143 0
0.6627531338684497 0.5591041653453854 0
-0.37610680109841976 0.6498665960243017 0
1.2546612193809898 -0.4045792801047255 1
0.18285374376924413 0.32035627240624404 1
-0.04356849253108689 1.111941799515352 0
1.5047285474179595 -0.3752726416455157 1
0.9337259218264375 -0.5558384979223195 1
0.1718281688796074 -0.14662902082495002 1
2.015178564504665 0.6176591727027917 1
1.7847885898331866 -0.2438617696100141 1
0.6636539272013392 0.8862653070727489 0
-0.8110583865245421 0.3656460204214095 0
0.4021834163229738 0.9931987772073915 0
1.783289516088364 -0.2392058907996182 1
-0.004198033237808971 0.09767719400521399 1
-0.08799313023427344 1.0191640044445691 0
0.959787009669284 0.17809345746382704 0
1.05587529466807 -0.6355061818561859 1
0.8868872445551634 0.7159433812040075 0
0.4461814412574069 -0.014188038100822448 1
-0.021064190694036644 0.20624193548209568 1
-0.9522725463419056 -0.042052342979322394 0
-0.7955999178678108 0.49592927668164405 0
0.695850800302232 0.7910365955747606 0
0.725333557108155 -0.5948629237611536 1
0.6569947114877863 -0.2967660036160362 1
-0.3401440494977992 0.8068196640208403 0
-0.5297558911568211 0.8577469394204023 0
-1.0578932781050905 0.15355479156479154 0
0.3392090576499227 0.9634494429377811 0
-0.9276368620413361 0.42847444702314486 0
0.7844143486888744 0.5991503354382455 0
1.788362971239886 0.1901450942031928 1
0.25535418523833725 -0.3169325196056282 1
0.21330972684684907 -0.3138794131092979 1
-0.22967542655530704 0.9766069256279098 0
-0.7691897681605955 0.613245575925344 0
1.0721454137562056 -0.4250609347132197 1
0.6169733195067233 0.6853416510772599 0
0.884135558279571 0.4733991597178703 0
1.6284864208188832 -0.24698994442741043 1
1.0618128672492917 0.12061272996768399 0
0.1123060758818307 0.23711385700579068 1
0.576100591395565 -0.3850447519031168 1
1.7690785821702704 -0.13581719952864194 1
1.9502802177394463 0.16646154382932868 1
1.7491398957101612 -0.341814056700266 1
1.2299507917488695 0.13703096844695178 0
0.9920349792360567 -0.4374988956171048 1
-0.7695804163794985 0.3068655210623646 0
0.19569266349898382 1.0622083757978011 0
-0.8841368374715499 0.5632677150215938 0
0.19084378228161386 0.8281388220005872 0
1.6445749104455676 -0.23674885319115158 1
0.9288948392069417 -0.3500571363950766 1
-1.0395732956664234 0.20934430384784997 0
-0.46970654328628575 0.8961745050458384 0
1.7390396410164746 -0.36218123674652347 1
-0.41392326634666077 0.7480527264806424 0
0.045325474008835645 0.8230936342985251 0
0.0944475763313701 0.057748333654670025 1
-0.9378117952879811 0.6079322226310984 0
1.9482478166407184 0.5184508401767763 1
1.3315648581067918 -0.22194113883089045 1
-0.49163366616793014 0.8628198392180899 0
1.8922811547459255 0.04200636375585921 1
-0.9408680624739891 0.2952013209451359 0
2.0305142521074657 0.3233632850600478 1
0.2511613899853247 -0.03281406861983108 1
0.5171097977914717 -0.3902333409200898 1
-0.9215514299697928 0.3084937051685317 0
-0.2555814797433938 1.018712163089782 0
-0.03844011854686838 0.19569443081931576 1
0.12505690835578312 -0.29746535261910856 1
1.0217618897893908 0.1471775512875943 0
0.2808067272101727 0.8289606425679898 0
0.34118175367890174 0.012155387503366533 1
0.28517956809295353 1.0491219823943698 0
-0.92670728341166 0.32440498254204203 0
0.7812467244502543 0.689141341912374 0
0.535822815812278 1.0090682532507516 0
1.899431235934509 0.24478378254882452 1
1.099934400431706 -0.42638075061659936 1
0.31108383557454644 0.8470276272287096 0
1.9350845678689388 0.2145997452434649 1
0.3902690271892242 -0.2900983307877249 1
1.4089920214317193 -0.38156890182061015 1
-0.9297333478325948 -0.05660554832544462 0
-0.3625352146705345 0.8603575941919313 0
-1.0984349147166912 -0.10760717033181996 0
0.7066645069559894 -0.4227105745531312 1
1.9348619113598722 0.07343711435173297 1
0.6726380553246254 -0.41504200170621425 1
0.7179225774123796 -0.40333801400276437 1
0.4864993342848868 0.915761431477858 0
-0.8936274742322101 0.5520885998426398 0
0.8536620777272884 0.28073662176574166 0
1.806626615869812 -0.21627153424280765 1
0.8944646330097739 0.5680302005474107 0
-0.526099896444574 0.7116307249340649 0
0.28198004566753726 -0.132951673826261 1
0.5366838484927676 -0.4518584284538519 1
0.135130158400963 0.07580958957786418 1
-0.9650901658742045 0.4112031047967514 0
0.40540737409110483 0.7736589917282494 0
-0.8184410150138143 0.5960066053220924 0
0.7140432599201199 0.8224954211995575 0
-0.5464576217483815 0.9489579264063713 0
0.9501978588268637 -0.5259896797654897 1
-0.1858468693544761 0.9223646499334744 0
0.535219095488473 0.8671884592762226 0
0.8670601605847246 0.5684319397151966 0
0.9288418898873843 0.042079854938946504 0
1.5034586634685854 -0.30479095659979893 1
1.7346090577544955 -0.13426833054645942 1
0.20284574692949545 0.9971677643877237 0
-0.5823962378981624 0.809984909007661 0
-0.4319194901846465 0.8082588883003103 0
1.7250739378571065 -0.2422889673266046 1
0.6143604253400801 0.8552391342890892 0
0.14767427909911507 -0.32659758796367033 1
-0.1893770315688462 1.0263664850952794 0
-0.260763298414151 1.270973245946895 0
0.17261846773080397 -0.16043901286745238 1
-1.049473001040741 0.230872130210121 0
0.7243229879715082 -0.4800729309442604 1
1.5685499054883512 -0.30357906975490545 1
0.10691368961807343 -0.013754389090825417 1
0.744614887381109 -0.42383796992364187 1
0.936258025149445 -0.5394733316717196 1
2.0314406948969417 0.43453671475101074 1
1.8167138382043064 -0.11430307190883846 1
0.8287935367438874 -0.4558775355359127 1
0.06415940040287058 0.34158357946966383 1
0.012784070204618359 -0.09977643325903865 1
0.8437672095863705 0.10510497654719352 0
0.9334595931287472 -0.05903025194443767 0
1.9224420812397738 0.3437500949406115 1
1.5265133781959028 -0.6546667013524772 1
1.1174045237490324 -0.5278015107518417 1
0.8396289289148591 -0.5114765389857849 1
0.6350421811531032 -0.27342442258523914 1
-0.6718971418605372 0.8822015137579396 0
1.6414792076994176 -0.34247324481252633 1
-1.1265588266477884 0.0889761953695096 0
-0.5598686107036512 0.8462932239841484 0
1.9208629365252727 -0.12972965935499708 1
0.443847729626729 0.9665648741597894 0
-0.6066232329930991 0.7478031455115888 0
-0.7791593641567071 0.33721866618027246 0
0.8903678392293889 0.006761523276409905 0
-0.4086765578774091 0.9273488283037686 0
0.4584673258324564 -0.3776478696129685 1
-0.16350079902477557 1.0904201529625515 0
0.13621236460480804 0.13187614663904523 1
1.8883413667080922 0.18543544828615283 1
0.1778965340117129 1.0147905434806475 0
0.7060189535426409 0.47121771926263667 0
-0.0807470343223373 0.8882135605559227 0
0.40333989198302317 0.9415191219920996 0
-0.61826217409945 0.7202899125804918 0
0.9021398375881178 0.377418941088332 0
1.0891459259237917 -0.46085732907239885 1
1.112966404575175 -0.44865756521431716 1
-0.6173017637233069 0.8086832003230775 0
1.0454599530494986 0.14905714067062986 0
1.121664978628885 0.1116533498732098 0
0.9701702350840387 0.2964254211054267 0
-0.7143809771131707 0.7018143542032566 0
1.8150284497626206 -0.3341628383852341 1
-0.43333210273321304 0.8913758512545961 0
-0.5152586655889766 0.7129311909295196 0
0.6363644395431125 0.7552373239207965 0
1.0022922854686647 -0.4442583206222026 1
0.7770887468401141 -0.5027139135694704 1
1.3269934683487707 -0.2060267872497398 1
2.0713642970432904 0.6045570882077729 1
-0.3239897479252944 1.0033794954340385 0
0.22790710954153226 -0.053295665335698364 1
0.4872731774175154 -0.3438656070531201 1
-1.0459082595107665 0.3882289094176106 0
0.07049647038099068 -0.07794868250974232 1
0.7639080671654914 0.785701699820042 0
0.6059023388011285 0.7235539233316373 0
-0.9678445330202864 0.3359596454461903 0
2.0523157753041565 0.2840303455770768 1
1.7901193038583305 -0.005406082291514347 1
2.1381318097431405 -0.05387495170381265 1
0.6896394776147731 -0.3744084289377766 1
-0.09829326655954726 0.273543787032557 1
1.3174300128447112 -0.3646394679291176 1
1.9280714314604135 0.10376575825062274 1
0.3745710486791893 -0.415709689911539 1
0.8788056379131883 0.47290847506325573 0
0.13663246388919853 0.20682870381981228 1
0.6826693835648822 -0.39235694454372905 1
0.2859233776387832 -0.16072812405978493 1
1.7810681464402651 -0.13216573075322438 1
1.3529892134410375 -0.6091542818300278 1
-0.6651449677712828 0.4594109778716995 0
0.15165303641422784 0.49043911371140936 1
1.2723849142907995 -0.37619533385211223 1
1.3001521709653967 -0.12806847787941728 1
-0.5543546168292677 0.699214923517767 0
0.4134056195814607 1.0567767989406152 0
0.09175670261730155 0.25818862206735077 1
2.065049335929856 0.3981510721348727 1
0.8068430382429053 0.759231286598291 0
0.40680420151119995 -0.1759063682027442 1
-1.0336819312607421 0.04586265861314203 0
0.21778509387169945 0.9557184595169966 0
1.1407970214789214 0.14074464841820408 0
0.9628849329181114 0.5587060496934383 0
-0.14752589709103547 0.13980513982406512 1
1.7735863134855168 0.05963717461895935 1
-0.9105515426160583 0.3458053479011674 0
1.3903509621796644 -0.47262040852729725 1
0.013650218312802154 0.20061938894632336 1
0.30080982543008067 -0.016661128500462363 1
1.1351951737583699 0.3025948212129634 0
2.0139005249861968 0.40264984415929844 1
0.07865080761156346 0.9220607246719026 0
1.430008962874417 -0.4672281546999403 1
2.053247805905033 0.49312499124753867 1
-0.449298212446186 0.9039791110467551 0
-0.5181584310017464 0.8696581530313192 0
-0.7096635427468405 0.6015823981965025 0
0.3997612390100811 0.7940806508537217 0
1.290106471644107 -0.5973099598904259 1
0.018452716587475715 -0.035228053207444515 1
0.2575460297660397 0.9900815724158747 0
0.5176337164572176 -0.2814207583204349 1
-1.041316419767657 0.3195076953455177 0
-0.5198919319511943 0.7894548975099086 0
0.2726299602132526 1.0278765196288946 0
-0.9330233942056422 0.5732238809164139 0
0.44459599531939087 0.970788282289713 0
1.0179146063323046 0.1971278536004336 0
0.4995280055832433 -0.37237811287221745 1
-0.6059942798512841 0.524670277658568 0
0.36408925145769505 1.0573001622643456 0
1.8932124428992192 0.17645190375693012 1
0.8506670611052022 0.4844885469481984 0
1.6435898557601005 -0.2161254147840187 1
0.9934717519059731 0.20282212395825788 0
0.07324477843444216 0.3088084119495531 1
-0.04920086426327508 0.36727843320230513 1
-1.0655240176698328 0.10342062915887879 0
0.8228240651261367 0.4540205006112488 0
-0.013584950015608305 0.8808023742000162 0
0.8239115662558092 0.8521712623478285 0
0.3784814586356692 0.936378211067819 0
0.09723284116968044 0.14002488685721828 1
1.2403997104241344 -0.2697558447996409 1
0.39934823410956327 1.0681881415526047 0
1.627712050174783 -0.04683642627574891 1
0.11708618279766758 0.2188621383324279 1
0.8667532666141481 -0.22140312160159775 1
0.7685194729097933 -0.4709912299173859 1
0.3829566190639285 -0.377275704700384 1
0.519955307383596 -0.21163856652306073 1
0.5073876030435647 0.4494412916200938 0
1.090909558412978 -0.4533040048242045 1
0.16260700095928443 0.13023351771892955 1
-0.011256620072377831 0.9970450743000501 0
0.1692272843828178 0.9873307173982081 0
0.61637617082993 0.5393152038464678 0
-0.8954710420847914 0.49700499403540355 0
0.19956916348939518 -0.014326579481843293 1
-0.6267059593891442 0.9369744413678807 0
-0.3749177838912805 1.0015916435335057 0
-1.0497532614349945 0.20341481770885106 0
1.9297466960665328 0.1075045758877497 1
0.36625041338708975 -0.1748334324898621 1
2.1539853039694 0.3328159502496508 1
0.9441552833582603 -0.4317133673136314 1
0.9827445148318409 -0.572808500851972 1
0.1432394142832591 -0.10375791174384494 1
0.5639847184688334 0.780124315211298 0
1.4241389003859557 -0.3936154940627581 1
1.8215162218320677 0.4110670360815491 1
0.026949752203731685 1.0289015281641458 0
0.7608996324617971 0.6180048599188215 0
1.3461278113088413 -0.3236125335701563 1
-0.9385759068768058 0.4994010934880569 0
-0.8413098141932479 0.3303455262516767 0
0.9036945755339075 0.21529779813153585 0
0.6033138658972462 1.1034915776450402 0
-0.15363223265391213 0.9352327986674535 0
-0.0722354206287641 0.4485642366726079 1
-0.7405939118698694 0.8560830531869255 0
0.889619048512439 -0.36352144450158175 1
1.7530824863832544 -0.10224939029751413 1
-1.0346270755564047 0.43361926165598114 0
0.47686420276937974 0.9475007798425633 0
0.1578427861428688 0.04892854163878477 1
0.761042242547039 0.6382161803351649 0
1.7662109890138098 -0.06383205361397847 1
0.23052862373983152 0.1650751015061099 1
0.08782291226925212 1.0974874223440656 0
1.8163393216603527 -0.04141409582693956 1
-0.943947898173056 0.5125155841461886 0
0.1552395655663699 0.9665179366259583 0
0.9319847986969256 -0.37147335265565024 1
0.8746424004118851 -0.5118939634751973 1
-0.8161097412205309 0.81425620681464 0
0.3530969559311852 0.5848215128513815 1
-0.8355878515761624 0.3360615349391765 0
0.6143129062465282 0.6348975848890911 0
-1.0680841205289102 0.0766206550556471 0
1.3227064968080529 -0.4074398553818899 1
2.0353792392102594 0.2971618870186869 1
0.8341708018097915 -0.11403979611754375 0
0.06292876312119125 0.20484117079777237 1
-0.30916834985392805 1.0669375787179112 0
-0.3733397837252902 0.9215259455290954 0
1.5621164364614697 -0.2382800074074876 1
1.6144825866874035 -0.19459061555119342 1
-0.38468238146499845 0.8780173892605219 0
-0.5635266126432287 1.0891637366959603 0
1.8694876706453405 -0.022809814713893956 1
1.9372115871531135 -0.08369179736925535 1
-0.7257147779644624 0.6665487899094852 0
0.6904643195444542 0.7300470503681282 0
0.5091055904919921 0.9598181023185614 0
1.0223917172647752 0.5621105242038434 0
1.6617408954537667 -0.296132164223603 1
0.18009915960309275 1.0002306237478713 0
1.9396637190563952 -0.21445123201874658 1
1.0923067136417492 0.13892527221253342 0
1.7853154143042687 -0.27988131562664864 1
0.7170919896458331 0.7722610873929865 0
-0.02657143802466368 0.5363758275776578 1
1.300093176875188 -0.4683062759546978 1
1.9234121474206616 0.2682607633916373 1
0.040732787472894105 -0.09408286382970138 1
1.973082821287303 0.18196379716707362 1
-0.12104717555576239 0.2999375767692255 1
2.033606361518799 0.22529815443258946 1
0.4736597070316413 0.6624122083157545 0
0.8037641121383523 -0.48751728086167845 1
0.9309024999022456 0.48057452907317244 0
1.8663500764360488 0.35479022085391954 1
0.8188713239940121 0.44261203290966067 0
1.1239492429640843 -0.516247472032524 1
0.8409520916164236 0.5129488683136983 0
1.0013200053920204 0.3137004768246335 0
0.8849601949969674 -0.5115128235289674 1
0.1013125411417745 0.998544676365533 0
0.8607500600726657 0.49891356250620705 0
1.410217641845026 -0.36938710970196154 1
1.5136731106983787 -0.4899767625794371 1
0.5396078317208933 0.8356876660697854 0
-0.08703051216661684 0.9842466470348283 0
1.1936478908115222 -0.35942293251267055 1
0.5515683580079545 -0.3474449937582241 1
0.41324902272880115 -0.33175700473951775 1
0.08390299387506314 0.41034221278579336 1
0.5859528489683556 0.5130194996354827 0
-0.6573841144563185 0.40269080229863957 0
-0.9014361361864743 0.3175223947413098 0
0.36053669428911284 -0.2839934341813737 1
0.1273796779249921 -0.00560588953314068 1
0.2558445433122833 1.048041534047486 0
0.4814009222136401 -0.4720783076588764 1
1.9178816574780808 0.18651898741327014 1
0.23195170050679345 -0.11150166718818874 1
1.9889829247350623 0.060512510060330815 1
0.8077081411162144 0.6396920382620276 0
0.9499185796534518 0.5086866990423625 0
0.013793101479404477 0.061847726499827234 1
-0.12562433478611545 0.8942904667116713 0
0.6902487088458025 0.7168345469004052 0
-0.18508125135770317 1.0690727226766594 0
0.18349396886007413 -0.36498382076706826 1
0.5002557112811732 -0.5166239730624967 1
-0.0927097232859882 0.9431744853308902 0
-0.9191375939244668 0.6354980966689867 0
0.49741207563136564 0.8724193064518185 0
0.6084432458880951 0.7389868126177446 0
-0.10950177881217754 1.0640906572757032 0
1.7906465195696568 -0.3317790873756231 1
-0.7311764520121938 0.452666893860608 0
1.469049710190181 -0.3902146700325061 1
0.1270466646897026 0.967790227476974 0
0.47103738190836264 -0.49945412935524475 1
0.8765725523220238 0.18756531064351528 0
1.2108331556994485 -0.28169048640168687 1
0.02411437393245782 1.0648505553207932 0
1.202177345830131 -0.49964913768650837 1
1.8998656235260045 -0.019669603925735107 1
0.9683429382210689 0.412200338733983 0
2.0606817919042193 0.49852568684223825 1
-0.7374509506616274 0.6367827427528104 0
0.008597527030719504 0.9757795982987089 0
0.12266130836341674 0.4278505735538665 1
1.6369143499174525 -0.3365239786674576 1
0.40858011119566007 -0.3255000406250033 1
0.2101171908179035 0.8038592123178401 0
-1.0863727380718846 0.0841564100799131 0
-0.4186573203100423 0.989195458471199 0
0.9731226458039504 0.29868073720972355 0
-0.5566161794466188 0.6390436637256985 0
0.4119577958897294 -0.5042425829765785 1
0.5318698046093426 0.91103716233024 0
1.0081190342674886 0.0154915126595067 0
0.037792293578528834 0.2732905929249223 1
0.19391065628196455 -0.27077794140828354 1
0.6580546160057601 -0.2536140231940934 1
0.8495285486161493 -0.6610291235196977 1
0.6247060105898781 -0.41789689044989986 1
0.8371263572334376 -0.681450097950281 1
0.17241626354334733 1.0681720719861967 0
1.9111923511633042 0.22725700906714508 1
-0.8222047259353797 0.32177834324521076 0
-0.8600525120219815 0.5188383021104518 0
1.2562523402834032 -0.32858372277794157 1